Sørlandets travpark;1;20220129;1,91;23152;1,37-1,76-2,73;7920; 5,96; 22420;94,84;33721
Sørlandets travpark;2;20220129;8,14;33593;1,49-1,33-1,12;8126; 45; 19958;261,28;39154
Sørlandets travpark;3;20220129;10,69;37094;2,99-1,95-1,6;14963; 25,1; 27078;373,23;46184
Sørlandets travpark;4;20220129;17,01;38605;2,55-1,41-1,34;12822; 24,04; 22274;530,77;45941
Sørlandets travpark;5;20220129;2,87;69801;1,48-1,68-1,73;22159; 11,74; 24247;75,19;67128
Sørlandets travpark;6;20220129;10,69;45216;1,95-1,56-1,43;13665; 23,97; 21892;431,55;47044
Sørlandets travpark;7;20220129;15,25;70081;2,64-1,6-1,76;16644; 14,28; 28948;522,07;65930
Sørlandets travpark;8;20220129;1,52;41472;1,17-1,22-1,73;11008; 1,94; 19901;22,84;54344
Sørlandets travpark;9;20220129;1,67;64713;1,29-2,35-1,66;14542; 6,11; 23635;34,58;75701
Sørlandets travpark;1;20220114;26,29;23078;1,14-1,05-1,16;4453; 5,38; 21586;245,87;32632
Sørlandets travpark;2;20220114;1,3;17433;1,16-1,33;3926; 2,91; 11066;8,1;20464
Sørlandets travpark;3;20220114;11,96;26072;2,57-1,7-2,55;6636; 8,97; 16452;138,46;24507
Sørlandets travpark;4;20220114;3,66;28801;1,14-1,15-1,14;5705; 5,01; 13862;23,58;29456
Sørlandets travpark;5;20220114;3,09;29082;1,29-5,41-2,29;8458; 119,11; 19002;455,69;32952
Sørlandets travpark;6;20220114;1,93;38375;1,27-1,59-1,87;10524; 10,35; 16844;107,24;33698
Sørlandets travpark;7;20220114;1,39;30484;1,27-4,2;6209; 15,69; 14834;38,71;22045
Sørlandets travpark;1;20211206;25,27;33085;7,5-7,19-2,23;11899; 126,48; 28043;989,89;33996
Sørlandets travpark;2;20211206;2,79;21890;2,1-2,36-3,23;8907; 17,44; 22492;183,78;26138
Sørlandets travpark;3;20211206;4,65;22733;1,37-1,98-1,65;6027; 10,06; 16445;86,46;25326
Sørlandets travpark;4;20211206;4;29475;1,52-1,38-1,81;7886; 5,71; 21921;26,79;28877
Sørlandets travpark;5;20211206;4,46;37972;1,58-1,23-2,01;9643; 3,73; 33020;68,04;38594
Sørlandets travpark;6;20211206;1,47;56023;1,26-1,94-1,79;9934; 4,24; 42171;40,79;51413
Sørlandets travpark;7;20211206;1,82;36746;1,09-1,14-1,45;8273; 2,31; 18995;10,39;30039
Sørlandets travpark;8;20211206;1,69;46469;1,36-1,5-1,86;9237; 3,28; 31449;42,13;49362
Sørlandets travpark;1;20211120;1,82;55871;1,51-1,89-2,05;19962; 8,35; 27709;35,82;57100
Sørlandets travpark;2;20211120;1,59;43546;1,29-2,49-2,42;9461; 6,39; 22339;35,81;46016
Sørlandets travpark;3;20211120;1,38;39096;1,17-1,28-1,56;10902; 2,89; 29929;11,52;48052
Sørlandets travpark;4;20211120;4,98;45668;2,03-1,94-2,52;15439; 19,17; 24233;217,92;46339
Sørlandets travpark;5;20211120;2,96;57530;1,46-1,49-1,33;15169; 11,59; 20325;69,54;49222
Sørlandets travpark;6;20211120;6,74;44001;2,35-1,79-2;14153; 29,08; 21674;274,88;41871
Sørlandets travpark;7;20211120;3,97;69594;1,34-1,5-1,8;9454; 4,98; 21747;33,97;46980
Sørlandets travpark;8;20211120;1,95;51578;1,09-1,08-1,26;16248; 1,5; 27368;14,77;52333
Sørlandets travpark;9;20211120;10,67;55932;2,29-2,26-2,36;16525; 23,36; 22752;332,79;58932
Sørlandets travpark;1;20211108;1,23;6701;1,03-1,48-1,48;3052; 3,35; 5928;15,31;18203
Sørlandets travpark;2;20211108;2,19;7621;1,38-2,61-4,22;1449; 38,25; 5099;214,43;14396
Sørlandets travpark;3;20211108;16,53;14365;2,86-4,1-2,35;1872; 112,08; 5229;959,27;13702
Sørlandets travpark;4;20211108;6,49;8257;2,29-1,27-1,86;2616; 13,5; 4412;247,22;13773
Sørlandets travpark;5;20211108;1,84;12995;1,33-2,26-1,46;3136; 6,78; 4566;40,14;13992
Sørlandets travpark;6;20211108;6,06;17445;1,63-1,22-1,58;2863; 5,98; 6234;45,88;22655
Sørlandets travpark;7;20211108;2,51;7257;1,54-1,77;1654; 3,69; 3273;23,17;11288
Sørlandets travpark;8;20211108;1,45;11183;1,12-1,23-1,4;1820; 2,55; 6721;8,01;25198
Sørlandets travpark;1;20211027;1,33;9111;1,11-1,53-1,5;1431; 3,15; 3858;12,82;11262
Sørlandets travpark;2;20211027;3,48;9386;1,87-1,79;2303; 2,5; 4339;18,74;13032
Sørlandets travpark;3;20211027;5,87;6598;2,69-3,02;2889; 14,99; 5436;90;15251
Sørlandets travpark;4;20211027;5,79;11642;1,52-1,97-1,62;2890; 50; 5999;211,34;20831
Sørlandets travpark;5;20211027;13,86;18526;1,54-1,1-1,17;4823; 7,04; 5728;98,6;20003
Sørlandets travpark;6;20211027;9,74;12766;2,25-1,26-3,91;3766; 7,27; 5842;175,06;20006
Sørlandets travpark;7;20211027;3,48;13046;1,23-1,64-2,16;4164; 10,95; 4140;115,94;18715
Sørlandets travpark;8;20211027;3,89;19651;1,74-3,93-3,02;4454; 35,96; 7505;704,84;25172
Sørlandets travpark;1;20211015;2,26;6177;1,9-1,86;2338; 3,03; 3805;10,11;13303
Sørlandets travpark;2;20211015;4,73;12027;1,29-1,1-1,36;3098; 3,91; 6262;87,04;16787
Sørlandets travpark;3;20211015;5,11;14115;1,38-1,7-1,31;4739; 14,73; 5171;82,21;21727
Sørlandets travpark;4;20211015;3,69;17994;1,29-1,8-9,85;5113; 11,09; 6229;252,27;15738
Sørlandets travpark;5;20211015;7,02;16295;1,64-2,23-1,58;3935; 51,09; 7153;263,4;16932
Sørlandets travpark;6;20211015;3,56;21128;1,7-7,21-5,25;6921; 40,25; 7514;615,52;21983
Sørlandets travpark;7;20211015;7,37;32384;1,65-1,32-1,89;7591; 4,72; 9475;52,26;29492
Sørlandets travpark;1;20211003;1,24;36036;1,04-1,08-1,25;8223; 2,63; 30366;13,56;33789
Sørlandets travpark;2;20211003;16,11;25966;3,18-1,62-1,7;11931; 31,18; 30504;455,52;36808
Sørlandets travpark;3;20211003;2,02;46587;1,07-1,34-1,27;20953; 6,48; 42053;33,74;37451
Sørlandets travpark;4;20211003;6,98;53821;2,07-2,84-3,21;21998; 26,74; 49217;236,25;51315
Sørlandets travpark;5;20211003;16,08;64619;5,34-3,92-6,49;24716; 66,85; 55079;1026,22;59151
Sørlandets travpark;6;20211003;5,37;86755;2,04-1,61-2,12;24178; 11,34; 69642;123,19;74825
Sørlandets travpark;7;20211003;1,58;74038;1,22-1,67-1,55;8552; 8,06; 47195;41,71;61773
Sørlandets travpark;1;20210918;2,54;54701;2,43-1,63-1,57;35860; 4,56; 24972;13,99;34177
Sørlandets travpark;2;20210918;3,01;22202;1,43-1,33-2,45;7227; 3,83; 16264;36;23371
Sørlandets travpark;3;20210918;1,47;29009;1,27-1,4-1,76;6890; 3,19; 22063;19,96;29866
Sørlandets travpark;4;20210918;1,29;20592;1,31-1,62-1,42;5124; 14,64; 35259;30,91;21343
Sørlandets travpark;5;20210918;3,82;106563;1,36-1,25-1,35;4859; 11,65; 15721;90,51;19676
Sørlandets travpark;6;20210918;7,24;48362;2,15-5,07-2,31;10092; 96,57; 21370;729,28;38821
Sørlandets travpark;7;20210918;31,5;20603;4,63-2,12-2,47;6306; 39,87; 15773;1307,97;22423
Sørlandets travpark;8;20210918;4,86;27676;2,94-2,55-3,39;3384; 43,22; 16568;395,6;32255
Sørlandets travpark;1;20210908;1,06;3686;1-1;3365; 1,44; 3029;5,4;12411
Sørlandets travpark;2;20210908;5,33;8896;2,22-4,15;2211; 24,16; 1894;88,24;12480
Sørlandets travpark;3;20210908;30,81;10400;5,72-5,85-10,05;2995; 73,52; 3921;627,76;15245
Sørlandets travpark;4;20210908;1,81;8839;1,65-2,32-8,18;2437; 4,96; 5059;29,72;13800
Sørlandets travpark;5;20210908;4,45;6881;2,18-2,85-2,27;2557; 11,61; 4983;146,85;16522
Sørlandets travpark;6;20210908;4,04;13148;1,45-2,64-1,73;3982; 16,44; 5918;170,61;18524
Sørlandets travpark;7;20210908;4,38;18666;1,64-2,32-1,34;5522; 12,81; 7517;61,37;21614
Sørlandets travpark;8;20210908;4,79;19360;2,14-1,77-2,77;5784; 4,13; 10267;58,35;26927
Sørlandets travpark;1;20210829;6,23;38677;1-1-1;21956; 2,92; 26606;76,95;35496
Sørlandets travpark;2;20210829;8,18;38563;2,67-4,12-2,75;14918; 45,93; 33562;1690,25;36489
Sørlandets travpark;3;20210829;1,54;48181;1,31-1,81;9793; 5,47; 31311;21,23;38829
Sørlandets travpark;4;20210829;10,03;30583;1,98-2,02-2,62;9109; 21,68; 33032;212,98;31825
Sørlandets travpark;5;20210829;17,28;47895;2,77-1,66-1,62;13763; 23,32; 37403;246,55;44833
Sørlandets travpark;6;20210829;2,92;71234;1,4-1,33-1,67;15384; 4,71; 47190;19,79;58111
Sørlandets travpark;7;20210829;1,22;33553;1-1;30039; 1,5; 28871;3,23;41756
Sørlandets travpark;8;20210829;1,35;49336;1,03-1,11-1,16;10748; 2,34; 46456;20,13;55749
Sørlandets travpark;1;20210811;5,34;9921;1,61-1,76-1,68;2648; 7,67; 5949;32,78;15503
Sørlandets travpark;2;20210811;7,1;8752;1,81-1,41-1,68;4072; 7,27; 5228;45,2;15642
Sørlandets travpark;3;20210811;5,58;6222;1,02-1,04-1,01;1480; 15,88; 4744;46,44;13733
Sørlandets travpark;4;20210811;7,75;10388;1,51-3,98-1,29;5053; 24,96; 5993;237,5;13506
Sørlandets travpark;5;20210811;8,91;7632;1,93-1,65-2,98;1967; 11,59; 3525;1328;11382
Sørlandets travpark;6;20210811;1,4;15910;1,09-1,45-1,56;4297; 3,21; 9126;15,3;29995
Sørlandets travpark;7;20210811;3,26;13647;1,16-1,09-1,39;1982; 2,63; 5069;36,59;13593
Sørlandets travpark;8;20210811;9,85;12691;1,77-1,17-2,17;4406; 6,02; 5367;179,66;17152
Sørlandets travpark;1;20210724;5,64;29061;1,64-1,49-1,37;6989; 10,84; 27604;62,85;40087
Sørlandets travpark;2;20210724;1,2;45032;1,09-1,22-1,32;8178; 4,41; 28208;13,94;54699
Sørlandets travpark;3;20210724;4,87;41261;1,38-3,89-1,53;7248; 21,33; 18168;172,25;32775
Sørlandets travpark;4;20210724;11,02;50386;3,14-1,66-1,73;18316; 10,49; 23622;252,21;47647
Sørlandets travpark;5;20210724;12,47;45583;2,7-2,19-2,55;17390; 26,35; 21354;740,42;55002
Sørlandets travpark;6;20210724;1,18;53108;1,21-1,86-2,37;18393; 2,65; 25910;15,75;71738
Sørlandets travpark;7;20210724;14,23;53503;2,91-2,86-1,81;18602; 90,74; 20871;2452,86;56206
Sørlandets travpark;8;20210724;3,85;70941;1,61-1,54-2,19;20809; 5,35; 21851;56,94;60090
Sørlandets travpark;9;20210724;2,92;111133;1,44-1,41-2,95;19153; 3,11; 26279;154,06;86502
Sørlandets travpark;1;20210723;2,44;15332;1,2-1,1-1,48;4121; 4,42; 9341;41,29;20351
Sørlandets travpark;2;20210723;3,6;20332;1,48-2,02-3,04;7914; 7,46; 9744;61,48;12735
Sørlandets travpark;3;20210723;1,87;25960;1,23-1,49-1,39;8042; 5,12; 10624;29,22;26488
Sørlandets travpark;4;20210723;5,78;20192;1,29-1,39-1,26;6292; 27,5; 7811;135,67;16668
Sørlandets travpark;5;20210723;3,82;13068;1,51-1,43-1,52;2875; 6,48; 4758;60,66;12653
Sørlandets travpark;6;20210723;2,6;21537;1,9-2,06-2,78;4860; 7,3; 7157;37,67;19001
Sørlandets travpark;7;20210723;2,76;14069;1,54-1,77-1,4;1747; 6,98; 3372;34,26;8223
Sørlandets travpark;8;20210723;4,44;24216;1,46-1,88-1,55;4317; 19,48; 8571;168,77;22905
Sørlandets travpark;9;20210723;1,72;21398;1,22-1,15-1,25;5012; 6,26; 17057;21,59;25637
Sørlandets travpark;10;20210723;3,06;20118;1,3-1,25-1,85;2912; 3,17; 9074;37,25;25335
Sørlandets travpark;1;20210714;2,85;10769;1,23-1,09;2561; 1,46; 6759;18,96;14458
Sørlandets travpark;2;20210714;2,76;17652;1,65-2,59-1,84;2586; 18,94; 7575;69,16;21718
Sørlandets travpark;3;20210714;3,7;17517;1,32-1,43-1,29;5550; 17,95; 5983;99,03;13016
Sørlandets travpark;4;20210714;23,31;13958;5,69-1,82-2,88;2735; 16,17; 5174;928,08;15909
Sørlandets travpark;5;20210714;7,29;11082;1,57-1,4-1,39;4096; 6,79; 4726;51,04;21409
Sørlandets travpark;6;20210714;2,77;13925;1,23-1,11-2,86;2268; 3,92; 4046;45,89;16572
Sørlandets travpark;7;20210714;1,56;12822;1,1-1,42;2339; 2,3; 3858;10,84;13576
Sørlandets travpark;1;20210630;1,33;6440;1,1-2,22-1,16;1328; 6,03; 4974;47,35;15426
Sørlandets travpark;2;20210630;1,5;17510;1,22-2,56-1,46;3189; 5,42; 5967;54,14;26827
Sørlandets travpark;3;20210630;7,47;11023;1,35-1,54-1,21;2779; 29,59; 5005;193,32;20989
Sørlandets travpark;4;20210630;1,36;8634;1,04-1,41-1,39;2903; 10,15; 4848;38,83;24894
Sørlandets travpark;5;20210630;2,31;9604;1,5-1,44-2,51;2155; 4,77; 4165;25,45;16864
Sørlandets travpark;6;20210630;10,11;17619;2,53-2,69-4,35;4095; 59,04; 6980;797,05;19357
Sørlandets travpark;7;20210630;1,87;18516;1,32-1,43-3,66;2334; 1,93; 5222;24,09;25452
Sørlandets travpark;1;20210618;1,48;21502;1-1-1;13799; 2,85; 10357;11,28;18375
Sørlandets travpark;2;20210618;1,17;17060;1,08-1,69-1,51;4756; 3,19; 13582;12,47;19472
Sørlandets travpark;3;20210618;1,41;20762;1,08-1,19-1,2;2230; 4,29; 11142;12,98;22025
Sørlandets travpark;4;20210618;1,78;23570;1,71-5,15;5170; 14,45; 12812;63,74;24741
Sørlandets travpark;5;20210618;14,19;26660;1,73-1,12-4,67;27587; 25,48; 17811;304,87;22292
Sørlandets travpark;6;20210618;3,74;48279;1,36-1,4-1,82;8869; 3,54; 31960;43,34;38906
Sørlandets travpark;7;20210618;5,22;27584;1,74-1,65-2,01;9312; 11,49; 21087;138,67;24553
Sørlandets travpark;8;20210618;1,54;42998;1,22-1,5-1,36;11060; 3,45; 31112;12,37;45660
Sørlandets travpark;1;20210521;1,3;12593;1,09-1,42-1,35;2116; 3,16; 5538;8,43;22070
Sørlandets travpark;2;20210521;1,66;15838;1,22-1,28-1,88;2345; 3,84; 4484;31,08;12166
Sørlandets travpark;3;20210521;1;15883;1,04-1,13-1,45;4174; 1,72; 7761;11,81;27154
Sørlandets travpark;4;20210521;1,9;12546;1,46-1,93-4,55;3466; 17,3; 5768;94,33;16575
Sørlandets travpark;5;20210521;9,51;13913;2,46-2,15-1,54;4561; 36,4; 5823;266,55;22466
Sørlandets travpark;6;20210521;2,14;12624;1,33-3,99-2,66;3108; 13,84; 6459;107,83;16791
Sørlandets travpark;7;20210521;1,29;9931;1,29-1,96;1938; 17,5; 5063;33,02;17826
Sørlandets travpark;1;20210509;1,63;36093;1,08-1,62-1,45;9226; 17,67; 27686;81,13;39509
Sørlandets travpark;2;20210509;3,34;33271;1,55-1,37-3,27;9547; 3,73; 30237;60,76;28094
Sørlandets travpark;3;20210509;2,38;28998;1,41-1,68-1,79;13349; 6,64; 29868;44,04;30882
Sørlandets travpark;4;20210509;2,21;32270;1,21-2,02-1,14;9008; 14,31; 38515;87,3;30915
Sørlandets travpark;5;20210509;3,02;36265;1,9-2,25-4,92;15666; 12,22; 39010;230,34;40761
Sørlandets travpark;6;20210509;2,3;55446;1,27-1,31-1,53;17093; 7,98; 46140;64,66;46393
Sørlandets travpark;7;20210509;1,5;38985;1,39-2,15-1,49;5837; 5,69; 30796;28,53;40505
Sørlandets travpark;8;20210509;1,57;47129;1,65-2,87-4,76;14306; 9,73; 36774;129,28;66586
Sørlandets travpark;9;20210509;1,32;36757;1,22-1,38;9443; 3,03; 26951;13,18;46452
