60;8;25;15;30094036
12;0;12;8;30092709
31;0;40;13;30088730
46;18;27;13;30080591
21;0;38;14;30089249
12;12;75;8;30099174
36;14;43;11;30094292
0;14;43;10;30089190
6;8;15;17;30093266
8;0;9;12;30092565
31;20;40;13;30094011
22;0;29;9;30092994
31;12;25;13;30092623
40;0;33;10;30094811
32;0;20;19;30095701
38;0;20;8;30097255
12;0;19;34;30090928
7;4;28;29;30089703
13;4;29;31;30088384
22;10;35;23;30089567
41;3;17;39;30077836
38;4;15;29;30089388
21;0;18;38;30082169
0;3;17;38;30039082
41;5;17;46;30083019
12;17;47;33;30088753
34;5;31;59;30069051
50;20;41;46;30072819
15;6;26;74;30079346
19;8;17;89;30038707
9;5;28;85;30051659
12;17;39;49;30085763
17;29;57;30;30088906
17;9;29;104;30065540
12;18;27;25;30089788
14;14;39;29;30054281
38;29;36;16;30093829
0;11;50;21;30084765
24;6;28;37;30077659
33;17;48;27;30087791
13;9;21;46;30082405
20;29;79;15;30092270
54;5;16;26;30078991
0;0;0;3;30088286
0;0;0;3;30099956
33;0;0;3;30088284
0;0;100;3;30099107
25;0;0;4;30097235
0;0;0;0;30106740
38;5;15;21;30100382
62;12;25;8;30102376
19;0;31;16;30101722
33;0;0;3;30107028
47;41;59;17;30109698
8;29;52;51;30081039
57;19;28;44;30013776
37;7;24;46;30099425
26;10;48;58;30095231
9;12;29;67;30053219
50;12;38;8;30095244
17;50;67;6;30113006
70;0;20;10;30108275
17;17;50;12;30111608
8;8;33;12;30104710
0;33;33;6;30109954
40;0;0;5;30035831
0;0;0;5;30098670
24;28;44;21;30083154
42;3;19;36;30083319
26;3;11;38;30082413
12;5;22;42;30051061
47;11;39;30;30068327
8;0;36;25;30078612
21;15;55;24;30082775
79;5;5;24;30093040
39;2;15;41;30068544
38;0;24;21;30082404
32;3;16;40;30077232
14;5;20;96;30036640
26;17;38;27;30086230
21;18;42;39;30084675
11;4;38;27;30090994
31;7;26;94;30074185
8;24;56;37;30083068
18;6;28;38;30066984
36;15;38;70;30007358
31;8;27;67;30084579
34;43;70;50;30076700
31;42;77;29;30066244
19;5;30;59;30083230
18;10;46;56;30082990
22;22;49;41;30077373
41;5;11;113;30054603
3;7;46;64;30066450
34;37;56;32;30069132
13;17;48;31;30066238
36;5;20;92;30079420
48;5;18;135;30005068
37;5;25;106;30061517
30;21;42;53;30066543
24;19;47;45;30083646
15;1;7;108;30021858
54;9;30;39;30093762
9;5;40;23;30093019
36;0;10;44;30084630
10;12;36;29;30089789
19;12;32;27;30084000
42;12;31;31;30088339
15;6;14;39;30083066
21;13;20;19;30089604
21;44;59;63;30067041
10;25;56;145;30035829
28;26;51;105;30050485
12;6;25;65;30053757
21;3;20;70;30076505
17;9;28;60;30083613
13;1;14;102;30055681
24;6;29;51;30083998
21;11;40;66;30078248
4;11;43;49;30089456
18;11;40;38;30088184
8;11;23;118;30007138
21;1;19;140;30018943
19;14;48;62;30085621
15;13;28;100;30037372
5;14;41;73;30053263
7;23;49;45;30082505
19;14;52;32;30087343
13;22;59;30;30088109
19;19;42;53;30072831
15;12;29;73;30083110
12;22;51;50;30074298
14;14;42;51;30051639
11;6;38;38;30066402
38;4;18;58;30052529
33;56;67;12;30089760
30;22;52;27;30077196
14;39;67;21;30088238
61;4;21;49;30084750
15;3;15;71;30035512
55;10;39;31;30084266
33;8;22;43;30083758
47;19;29;36;30083783
44;14;36;16;30092584
7;8;19;29;30052905
4;6;29;50;30089720
31;4;14;51;30092052
60;20;40;5;30112688
46;19;42;26;30108265
0;20;55;21;30111309
0;7;36;14;30110563
10;0;10;10;30112253
30;6;22;33;30097830
60;0;20;5;30095408
0;53;79;19;30103938
10;22;46;63;30092191
10;40;65;20;30070297
0;0;0;1;30113550
33;12;38;9;30109703
32;21;45;38;30098437
55;11;33;11;30089345
25;4;18;56;30090418
11;15;47;35;30094498
16;5;21;44;30100024
10;9;21;67;30088973
14;0;18;22;30107343
14;10;41;105;30091914
4;8;27;52;30093801
14;30;54;37;30099124
25;7;46;28;30108041
5;14;64;22;30104096
6;11;33;18;30105060
12;0;12;8;30113280
50;29;29;10;30098750
80;0;33;5;30098505
38;0;17;8;30097392
0;0;75;8;30092340
62;0;0;8;30082613
33;0;75;6;30098979
25;0;0;4;30099051
25;0;0;4;30098473
19;17;50;16;30093820
61;24;29;23;30092669
54;14;48;24;30093709
18;36;64;17;30093958
19;5;55;21;30094514
29;73;73;14;30092230
19;40;80;16;30093129
6;29;86;17;30093619
31;40;40;13;30092469
15;60;80;13;30094690
0;0;38;10;30092559
50;22;44;12;30094139
27;20;50;11;30092524
50;14;29;10;30093385
25;6;53;20;30092532
6;7;21;17;30093023
33;25;38;12;30093409
19;13;27;16;30095585
8;0;30;13;30092302
25;7;21;16;30092660
31;25;25;13;30093394
41;5;15;121;30055238
18;10;46;56;30082990
17;16;35;42;30082774
47;5;20;77;30078523
26;7;26;94;30059590
31;15;32;51;30077848
36;8;50;14;30088612
19;54;88;32;30079925
16;2;28;98;30064866
38;11;33;58;30084251
29;2;21;52;30076754
0;8;31;29;30087327
6;12;47;18;30093024
27;17;37;33;30088523
12;53;93;17;30088025
22;8;54;27;30092749
50;18;32;42;30082406
17;15;55;24;30087986
7;10;17;57;30077293
17;21;47;41;30082379
29;3;27;65;30076980
4;7;26;154;30009727
2;15;46;62;30074060
13;14;50;77;30078239
6;28;62;33;30085752
14;16;56;28;30089064
12;10;39;89;30009927
17;7;36;47;30081071
13;14;47;84;30066236
23;40;69;43;30084868
37;4;22;148;133381
39;17;40;66;30066982
14;16;48;28;30088232
21;30;51;39;30089356
12;36;55;25;30086211
51;37;61;41;30083577
2;32;74;40;30075069
4;32;73;25;30090112
21;9;36;47;30082511
17;45;45;12;30093268
30;22;43;40;30088368
9;20;60;11;30094617
39;20;53;18;30089894
28;14;45;47;30082146
28;15;38;29;30089489
46;18;36;24;30095774
15;0;5;20;30081144
68;6;28;22;30070381
55;4;31;31;30084464
61;29;57;18;30076750
75;17;30;28;30069065
62;0;4;53;30076593
76;0;12;42;30079749
71;27;45;17;30087452
65;15;15;26;30083265
4;0;45;24;30090647
71;0;25;7;30098752
0;0;0;5;30098918
82;0;6;22;30094203
91;0;0;11;30092570
17;23;50;30;30100415
10;16;31;51;30098229
21;13;36;70;30089295
0;29;57;7;30111846
25;4;8;24;30097654
20;0;0;5;30097424
17;50;67;6;30113006
8;25;42;12;30111902
62;3;18;39;30078549
18;18;59;22;30105612
7;15;59;27;30105479
21;4;25;24;30104725
30;6;22;33;30097830
30;30;50;10;30111316
41;25;38;17;30098552
30;12;31;20;30089406
41;3;17;39;30077836
42;31;44;19;30092687
57;21;29;14;30093035
17;8;31;29;30085620
44;0;16;57;30069131
36;0;10;44;30084630
6;3;24;36;30052279
18;0;9;38;30085197
41;0;19;22;30094197
30;67;100;10;30088550
11;0;40;18;30095706
43;5;21;42;30038041
60;3;31;35;30077481
28;36;79;18;30087847
14;19;50;29;30083072
30;22;52;27;30077196
32;3;16;40;30077232
19;5;55;21;30094514
45;11;24;40;30083234
6;3;33;36;30083592
5;3;28;39;30079926
10;12;36;29;30089789
6;13;37;31;30083484
26;3;15;70;30070360
14;5;23;42;30077987
30;23;38;43;30079248
15;6;26;74;30079346
13;10;35;86;30072822
12;11;34;48;30077700
10;6;27;67;30080952
7;9;29;61;30083470
4;7;30;105;30051656
0;0;0;0;30106740
8;10;30;62;30057898
36;18;55;11;30100407
14;0;14;7;30108604
43;14;57;7;30113730
32;4;22;47;30092162
15;14;37;80;30089922
0;22;45;51;30096053
11;21;48;56;30095988
50;0;0;2;30100936
22;16;50;32;30101817
12;31;62;16;30110705
22;33;44;9;30107208
17;23;50;30;30100415
59;11;21;22;132031
60;0;0;5;30092777
17;4;22;30;30082620
16;11;34;49;30053765
13;0;29;31;30089138
13;4;33;55;30073618
10;21;49;40;30007433
23;12;35;61;30083363
16;18;29;31;30083324
17;9;29;104;30065540
31;0;40;13;30088730
11;17;33;9;30097806
33;25;38;12;30093409
88;0;0;8;30092712
56;0;0;18;30081991
25;14;29;8;30093191
50;0;27;18;30093319
25;0;0;16;30077713
33;0;12;9;30094731
10;22;44;10;30090311
25;8;25;16;30078468
60;0;17;10;30099199
72;3;14;40;30067893
16;7;47;19;30083535
0;29;57;16;30077337
60;33;33;10;30093694
21;0;46;14;30095680
26;7;42;46;30077838
7;17;38;28;30084449
26;11;37;39;30067627
37;15;42;30;30087892
27;11;33;30;30090542
2;6;19;50;30083040
21;3;20;70;30076505
34;5;31;59;30069051
28;4;35;50;30068130
47;15;15;15;30093791
20;8;31;30;30086140
36;11;33;22;30088858
28;18;35;18;30094732
38;4;15;29;30089388
3;0;32;31;30087913
9;5;40;23;30093019
10;28;44;21;30093412
9;9;30;47;30078249
4;4;23;50;30077877
10;7;36;31;30091050
45;6;22;20;30083184
36;0;10;44;30084630
19;12;32;27;30084000
12;18;27;25;30089788
16;2;5;56;30077325
26;3;15;70;30070360
45;11;24;40;30083234
13;9;31;38;30085066
13;0;29;39;30088180
7;17;38;28;30084449
37;15;42;30;30087892
24;6;28;37;30077659
26;7;42;46;30077838
39;21;46;28;30089333
60;8;25;15;30094036
50;0;0;10;30094106
22;0;29;9;30092994
38;0;22;13;30088602
33;25;38;12;30093409
25;0;0;8;30092544
6;8;15;17;30093266
35;0;12;20;30088091
32;0;12;19;30095252
31;12;25;13;30092623
57;12;32;46;30086218
24;11;37;41;30082665
17;9;28;60;30083613
13;12;29;52;30079861
20;5;27;59;30054402
12;9;27;48;30088265
13;1;14;102;30055681
33;28;39;21;30087729
50;20;41;46;30072819
15;12;29;73;30083110
19;8;17;89;30038707
14;14;42;69;30079002
12;7;22;112;30078540
1;10;31;71;30080425
17;23;50;30;30100415
10;16;31;51;30098229
21;13;36;70;30089295
0;29;57;7;30111846
25;4;8;24;30097654
20;0;0;5;30097424
17;50;67;6;30113006
8;25;42;12;30111902
62;3;18;39;30078549
18;18;59;22;30105612
7;15;59;27;30105479
21;4;25;24;30104725
30;6;22;33;30097830
30;30;50;10;30111316
41;25;38;17;30098552
19;0;8;63;30085478
17;21;46;24;30105452
14;0;14;7;30108604
67;0;0;3;30114696
14;33;50;7;30108765
18;8;31;28;30097184
46;19;42;26;30108265
27;0;4;26;30107849
0;19;38;26;30103249
25;4;18;56;30090418
64;14;43;14;30081072
44;0;22;9;30107206
7;14;29;28;30105473
45;15;50;40;30085380
4;9;26;23;30111317
9;4;23;106;30081578
5;11;29;57;30097057
24;5;14;45;30091034
0;29;57;7;30111846
0;40;80;5;30099840
50;0;0;10;30094106
22;38;62;9;30095056
40;0;44;10;30093413
0;0;40;6;30094379
38;0;40;8;30098709
33;0;0;6;30088806
62;0;0;8;30083894
56;2;14;54;127041
58;3;9;36;30088034
52;2;6;58;30039670
38;5;33;24;30087902
34;6;23;35;30090894
46;2;14;46;30088878
56;35;47;18;30077927
11;12;38;19;30087443
25;29;33;24;30088029
17;25;70;23;30089145
28;0;9;47;30065548
45;0;15;51;30083098
77;8;11;56;30034922
51;9;24;35;30089450
50;20;40;28;30088549
6;8;15;17;30093266
6;6;25;17;30094046
18;25;50;11;30092617
50;11;33;10;30093377
50;0;38;8;30094207
12;14;57;8;30095636
27;20;50;11;30092524
29;0;30;14;30093761
0;83;83;8;30092541
11;38;38;9;30094030
0;0;38;10;30092559
24;13;40;17;30094620
16;2;5;56;30077325
54;9;30;39;30093762
15;1;7;108;30021858
11;0;18;47;30077090
39;21;43;18;30093149
24;6;28;37;30077659
12;0;21;40;30082762
30;9;30;27;30084878
7;10;17;57;30077293
13;9;21;46;30082405
11;6;25;35;30088517
8;9;21;38;30084010
27;17;37;33;30088523
4;3;21;70;30037577
29;2;21;52;30076754
26;11;37;39;30067627
39;5;20;44;30083093
18;3;16;113;30071990
26;7;42;62;30054817
38;8;30;74;30039493
17;6;29;70;30040382
6;14;42;51;30079750
19;54;88;32;30079925
26;7;26;94;30059590
41;6;20;110;132424
5;7;38;64;30077748
41;5;11;113;30054603
14;31;56;35;30082953
17;21;47;41;30082379
5;44;83;21;30088026
24;24;61;42;30083360
17;18;36;12;30092689
29;7;38;93;30053807
39;24;59;18;30093038
19;13;37;57;30082776
35;36;64;17;30095160
37;5;38;41;30053483
55;8;26;95;30038662
24;14;41;59;30078606
6;14;47;47;30083532
6;29;86;17;30093619
22;19;53;63;30083238
12;23;46;59;30059149
0;0;0;4;30097581
20;0;100;5;30097268
17;100;100;6;30098446
29;0;0;7;30097418
12;0;33;8;30100680
0;0;0;6;30098127
33;0;22;12;30097531
57;0;0;7;30098922
14;20;60;7;30099134
40;0;0;10;30099870
55;0;43;11;30098444
45;0;0;11;30096830
67;0;0;3;30098662
80;0;33;5;30098505
0;0;0;3;30099201
92;0;0;13;30090074
40;0;50;5;30098888
0;25;50;7;30097715
65;0;12;20;30082819
8;14;24;24;30083778
46;0;10;13;30093567
43;40;40;7;30097474
50;0;0;14;30093116
62;0;14;8;30078466
25;57;71;8;30080990
58;0;25;19;30090145
38;0;15;16;30087947
38;0;60;13;30092470
67;22;33;12;30088185
44;38;50;9;30089487
38;20;80;8;30082170
50;20;40;10;30090479
17;0;0;6;30093052
80;0;0;10;30085294
22;0;83;9;30098311
17;80;100;6;30098753
33;0;12;9;30094731
50;29;29;10;30098750
12;0;23;16;30093472
50;0;0;10;30094106
38;0;22;13;30088602
50;0;33;6;30098884
15;12;29;73;30083110
28;12;41;36;30088366
33;14;40;82;30080196
10;35;62;40;30078562
8;11;23;118;30007138
21;11;40;66;30078248
20;16;27;41;30066960
21;18;42;39;30084675
10;6;31;71;30052482
27;20;45;22;30093391
7;3;19;73;30077641
27;17;43;26;30089357
22;4;38;59;30078110
15;3;24;41;30088651
26;9;41;35;30089258
34;22;41;35;30087809
27;7;39;44;30076702
38;4;18;58;30052529
40;15;31;30;30088165
56;1;15;75;30039871
25;29;33;24;30088029
34;3;21;32;30088077
28;6;33;54;30079296
70;9;22;61;30066294
28;11;19;61;30072062
14;4;13;58;30082506
15;13;30;33;30087905
55;15;32;44;30077601
21;9;36;14;30094004
11;38;38;9;30094030
27;27;55;15;30088614
16;12;50;19;30090451
22;0;27;23;30085047
0;29;57;16;30077337
60;33;33;10;30093694
33;4;13;24;30086302
8;33;61;37;30082030
15;24;51;40;30082258
17;29;57;30;30088906
5;23;49;38;30088386
14;15;38;43;30083048
4;11;43;49;30089456
19;23;47;101;30069763
9;33;61;53;30052179
2;17;43;61;30083366
10;25;56;145;30035829
2;14;39;51;30077726
22;10;46;99;131649
29;24;48;45;30083279
9;22;59;34;30061050
43;27;64;47;30080676
14;9;37;126;30038432
20;10;25;55;129115
28;19;49;82;30010273
20;8;42;15;30086209
14;18;50;109;30036241
25;22;45;128;130250
29;7;13;17;30094085
75;17;30;28;30069065
54;5;18;26;30083370
61;12;27;28;30083376
55;4;31;31;30084464
61;0;22;31;30089537
45;0;15;51;30083098
34;6;23;35;30090894
21;15;30;24;30093065
37;8;35;27;30053767
32;3;17;37;30052281
61;4;15;61;30066632
43;5;21;42;30038041
44;0;46;16;30093211
17;12;12;12;30066643
60;0;0;5;30087565
25;0;0;8;30092922
0;7;36;14;30110563
29;33;67;7;30112684
17;17;50;12;30111608
14;14;14;7;30114786
0;50;100;2;30112107
29;43;57;7;30106591
40;7;41;67;30067402
0;53;79;19;30103938
2;27;69;121;30076773
13;25;52;122;30067399
6;30;65;71;30090226
13;25;56;103;30061882
58;3;9;36;30088034
4;39;70;26;132591
18;14;29;17;30078014
30;14;32;40;30089251
26;17;38;27;30086230
15;6;26;74;30079346
43;25;100;7;30101082
50;0;27;18;30093319
29;33;50;7;30088788
50;12;50;12;30087032
12;0;0;8;30064260
33;25;38;12;30087943
33;0;25;6;30101061
31;0;40;13;30088730
17;12;24;29;30082681
13;9;31;38;30085066
6;13;37;31;30083484
39;21;46;28;30089333
26;3;15;70;30070360
5;3;28;39;30079926
4;4;23;50;30077877
9;5;37;22;30093145
13;21;64;15;30093927
42;31;44;19;30092687
70;9;21;37;30083157
30;12;31;20;30089406
42;22;44;12;30095311
13;4;29;31;30088384
0;7;29;16;30094078
35;5;35;23;30094849
42;4;21;26;30082740
22;10;35;23;30089567
41;5;17;46;30083019
7;17;38;28;30084449
26;11;37;39;30067627
21;3;20;70;30076505
31;8;44;39;30082773
13;1;14;102;30055681
20;29;79;15;30092270
17;35;70;24;30084355
37;15;42;30;30087892
0;0;0;0;30067603
0;0;0;0;30106740
6;12;41;17;30107020
24;5;14;45;30091034
25;7;46;28;30108041
25;21;59;36;30093455
20;9;20;35;30100858
25;4;18;56;30090418
33;0;44;18;30112886
33;17;50;6;30113690
8;18;73;12;30107368
10;16;31;51;30098229
11;13;38;45;30100005
5;14;64;22;30104096
10;10;42;31;30104945
24;10;41;74;30064079
28;33;62;25;30093325
22;26;39;23;30108341
15;19;57;73;30086795
52;13;33;109;30022059
8;42;67;12;30110156
8;10;30;62;30057898
2;10;38;41;30081975
40;2;23;65;125843
33;12;38;9;30109703
0;0;0;2;30110948
4;11;29;45;30095571
26;16;35;31;30106016
12;9;39;58;30082971
7;17;53;30;30105039
38;29;61;29;30107262
4;8;27;52;30093801
14;33;50;7;30108765
0;0;0;2;30069879
10;0;10;10;30112253
21;9;30;33;30099520
18;0;9;11;30113272
27;0;27;22;30111969
0;17;67;6;30113031
27;0;4;26;30107849
7;15;59;27;30105479
64;14;43;14;30081072
20;3;29;65;30079782
18;10;46;56;30082990
48;11;27;89;30054525
28;15;42;74;30081028
15;7;28;101;133149
13;17;48;31;30066238
24;6;30;85;30033528
0;35;55;43;30087854
18;6;28;38;30066984
48;17;22;21;30088613
3;9;51;37;30082653
70;0;27;27;30088644
64;5;14;25;30089540
86;10;14;22;30077789
61;7;20;18;30083583
78;0;25;18;30077236
25;14;29;8;30092444
38;0;60;13;30092470
44;38;50;9;30089487
61;0;22;31;30089537
21;15;38;14;30092619
18;10;30;11;30094113
60;8;25;15;30094036
36;14;29;11;30094295
0;0;100;1;30099067
32;0;20;19;30095701
38;0;40;8;30098709
58;29;57;12;30089722
12;0;12;8;30092709
20;11;33;10;30094543
25;0;33;12;30093241
0;10;30;11;30095050
48;12;43;44;30082627
44;14;36;16;30092584
46;18;36;24;30095774
19;5;55;21;30094514
50;12;29;28;30091052
28;11;19;61;30072062
32;18;41;25;30088164
21;7;20;61;30087991
27;30;60;11;30088860
10;12;36;29;30089789
36;0;10;44;30084630
45;6;22;20;30083184
11;19;44;18;30093873
9;3;38;35;30088565
4;7;17;45;30083851
10;6;33;21;30084189
1;10;31;71;30080425
10;19;45;61;30084843
12;17;39;49;30085763
5;23;40;39;30083610
19;8;17;89;30038707
15;12;29;73;30083110
38;17;42;13;30092707
54;5;16;26;30078991
29;33;50;7;30088788
9;38;75;11;30095457
18;7;29;17;30092715
22;12;50;9;30092057
30;5;45;23;30091047
27;27;55;15;30088614
7;8;62;14;30092744
33;18;45;15;30092629
16;12;50;19;30090451
22;0;32;27;30082023
28;15;38;29;30089489
28;12;41;36;30088366
2;10;49;61;30039672
12;6;29;103;30056168
18;11;40;38;30088184
7;23;49;45;30082505
34;20;33;35;30078402
6;35;71;17;30093940
0;0;67;6;30087851
73;0;18;15;30066900
29;0;50;7;30088961
0;50;50;4;30097027
50;0;50;6;30093109
62;0;17;8;30089231
50;20;40;10;30090479
71;0;8;14;30082853
53;0;8;15;30093565
0;0;100;5;30094361
56;0;12;18;30078106
17;67;100;6;30100162
71;33;33;7;30095729
29;0;25;7;30092324
0;0;0;0;30105134
0;0;0;0;30104459
0;0;0;0;30103761
0;0;0;0;30103272
0;0;0;0;30104661
0;0;0;0;30079206
0;0;0;0;30097301
0;0;0;0;30098887
0;0;0;0;30098699
83;0;0;12;30021267
0;0;0;0;30097285
0;0;0;0;30098580
0;0;0;0;30093995
26;0;15;23;30078536
12;2;21;49;30079031
60;4;12;57;30082228
14;17;17;7;30085196
57;21;29;14;30093035
17;19;24;24;30088833
45;11;24;40;30083234
17;8;31;29;30085620
0;3;17;38;30039082
19;5;33;42;30078520
12;6;25;65;30053757
17;25;50;23;30088242
28;3;17;69;30078632
6;8;24;52;30082162
12;9;27;48;30088265
17;9;28;60;30083613
52;11;37;23;30019839
26;10;55;23;30090793
47;8;19;30;30083701
26;0;56;19;30068573
52;2;6;58;30039670
43;0;14;47;30084752
42;3;19;36;30083319
65;16;32;20;30093655
8;0;36;25;30078612
57;8;42;28;30066260
71;27;45;17;30087452
47;11;39;30;30068327
41;32;47;22;30090015
84;16;20;50;30082950
0;40;67;17;30089196
46;17;53;37;30082760
33;18;35;36;30079289
33;3;18;96;30058751
26;7;35;46;30082512
44;7;32;98;30068201
49;9;29;39;30077230
62;6;22;118;30039207
42;16;36;59;30082833
34;43;70;50;30076700
25;29;52;69;30036339
6;27;61;36;30087896
14;18;55;83;30077157
29;38;62;17;30094484
17;15;55;24;30087986
56;24;35;18;30094622
16;5;52;25;30087903
52;29;41;21;30093056
53;7;22;49;30080693
6;14;64;17;30093473
11;16;58;19;30092457
30;27;60;20;30088982
17;45;45;12;30093268
13;20;40;23;30082016
5;3;34;38;30089541
40;11;37;30;30077934
35;9;28;54;30068567
55;8;25;56;30084302
40;5;41;45;30088483
54;33;48;26;30087853
31;15;32;51;30077848
21;56;64;28;30087311
26;30;52;43;30091009
34;17;48;47;30066634
29;32;56;28;30088707
22;22;49;41;30077373
22;28;52;32;30088829
22;5;28;78;30080463
13;22;59;30;30088109
4;17;32;56;30079103
22;23;56;46;30077593
28;39;65;25;30087561
8;29;55;40;30082685
18;29;59;38;30084874
30;22;51;40;30087856
29;15;38;51;30082643
11;73;93;18;30083804
23;20;52;43;30089252
14;22;37;28;30087807
28;36;55;29;30089118
15;46;54;13;30094141
30;35;53;20;30092781
28;8;28;68;30066720
9;19;39;34;30089435
0;18;68;23;30089473
6;35;71;17;30093940
0;11;50;21;30084765
12;22;57;25;30089785
13;29;56;47;30083805
8;29;52;51;30081039
39;16;41;84;30078780
21;33;58;39;30087358
33;14;40;82;30080196
14;19;58;37;30051057
12;7;22;112;30078540
34;16;38;65;30076749
27;20;50;44;30088101
21;30;51;39;30089356
51;37;61;41;30083577
14;16;56;28;30089064
50;20;40;38;30089408
11;35;70;47;30077465
11;18;62;37;30089137
40;36;50;40;30077597
24;35;65;37;30089148
27;16;51;92;30037673
25;42;71;51;30082785
13;4;33;55;30073618
10;21;49;40;30007433
23;12;35;61;30083363
16;18;29;31;30083324
17;9;29;104;30065540
31;0;40;13;30088730
11;17;33;9;30097806
33;25;38;12;30093409
88;0;0;8;30092712
56;0;0;18;30081991
25;14;29;8;30093191
50;0;27;18;30093319
25;0;0;16;30077713
33;0;12;9;30094731
10;22;44;10;30090311
25;8;25;16;30078468
60;0;17;10;30099199
72;3;14;40;30067893
16;7;47;19;30083535
0;29;57;16;30077337
60;33;33;10;30093694
21;0;46;14;30095680
26;7;42;46;30077838
7;17;38;28;30084449
26;11;37;39;30067627
37;15;42;30;30087892
27;11;33;30;30090542
2;6;19;50;30083040
21;3;20;70;30076505
34;5;31;59;30069051
28;4;35;50;30068130
47;15;15;15;30093791
20;8;31;30;30086140
36;11;33;22;30088858
28;18;35;18;30094732
38;4;15;29;30089388
3;0;32;31;30087913
9;5;40;23;30093019
10;28;44;21;30093412
17;4;22;24;30101306
43;14;57;7;30114773
33;19;24;21;30105375
32;4;22;47;30092162
16;6;35;50;30097617
17;50;67;6;30107858
0;19;38;26;30103249
55;11;33;11;30089345
22;16;50;32;30101817
29;15;35;34;30102644
43;14;57;7;30113730
30;24;43;37;30096758
27;24;61;33;30100720
18;18;45;11;30113291
12;25;50;8;30109455
12;86;86;8;30101256
36;0;0;11;30092745
0;0;50;2;30117473
25;12;12;8;30085697
17;0;12;29;30066176
0;7;36;14;30110563
36;9;16;45;30095230
50;17;67;6;30106575
33;28;44;18;30108464
2;20;44;42;30089018
0;20;55;21;30111309
12;6;23;65;30053260
22;16;50;32;30101817
14;29;57;7;30105264
0;64;71;14;30108273
25;7;46;28;30108041
0;0;0;3;30089405
33;44;67;9;30105019
72;3;14;40;30067893
10;22;44;10;30090311
26;13;40;19;30078571
40;21;36;15;30079332
50;0;38;8;30094207
0;10;30;11;30095050
17;18;55;12;30095299
18;7;43;17;30093362
17;100;100;6;30098711
6;8;15;17;30093266
8;0;9;12;30092565
28;7;13;18;30083355
9;5;40;23;30093019
41;5;17;46;30083019
14;17;17;7;30085196
33;0;32;33;30082872
17;8;15;29;30088591
26;12;38;23;30077965
9;5;28;85;30051659
9;16;41;53;30082686
15;13;28;100;30037372
15;12;29;73;30083110
16;18;29;31;30083324
1;10;31;71;30080425
39;21;43;18;30093149
14;14;39;29;30054281
33;17;48;27;30087791
11;16;58;19;30092457
13;9;21;46;30082405
2;6;19;50;30083040
31;8;44;39;30082773
8;9;21;38;30084010
20;29;79;15;30092270
21;3;20;70;30076505
8;12;33;36;30079127
13;12;29;52;30079861
33;0;44;18;30112886
14;4;26;28;30103499
30;20;40;10;30110593
12;5;17;43;30092252
0;0;20;5;30114863
10;3;23;31;30103452
30;10;20;10;30107335
10;17;37;77;30086276
18;7;36;62;30096275
10;12;40;58;30099752
16;27;59;37;30099225
23;21;35;48;30092462
14;10;41;105;30091914
9;12;29;67;30053219
0;0;0;2;30086527
8;25;42;12;30111902
60;20;40;5;30111612
33;33;33;3;30112332
33;12;25;9;30108071
0;0;0;2;30069879
13;23;36;23;30095556
43;14;57;7;30114773
29;33;67;7;30112684
21;4;25;24;30104725
14;0;43;7;30107434
55;0;17;22;30077432
25;4;8;24;30097654
26;16;35;31;30106016
9;12;29;67;30053219
17;14;35;75;30073642
10;16;31;51;30098229
2;20;44;42;30089018
17;8;34;90;30089613
0;29;57;7;30111846
18;7;36;62;30096275
10;0;10;10;30112253
7;1;15;75;30088925
37;3;11;38;30078796
25;8;25;16;30078468
11;12;35;19;30088151
19;13;27;16;30095585
26;0;12;19;30093883
0;23;38;15;30092659
50;14;29;10;30093385
22;0;29;18;30092510
5;6;31;19;30088480
33;17;50;9;30099202
38;33;42;13;30093814
47;3;10;73;30067550
20;0;21;51;30078853
42;12;36;36;30078092
31;4;15;59;30052546
35;10;52;23;30084248
55;15;32;44;30077601
53;8;25;64;30052353
11;6;38;38;30066402
15;3;15;71;30035512
51;3;19;70;30078941
22;7;49;46;30085985
6;24;35;36;30071236
15;13;41;40;30087924
17;9;28;60;30083613
15;6;26;74;30079346
3;0;32;31;30087913
26;0;15;23;30078536
12;18;27;25;30089788
28;0;22;53;30061579
13;4;29;31;30088384
21;13;30;24;30082676
0;29;57;16;30077337
41;5;17;46;30083019
14;14;39;29;30054281
2;6;19;50;30083040
57;12;32;46;30086218
13;9;21;46;30082405
38;29;36;16;30093829
26;7;42;46;30077838
20;5;27;59;30054402
29;2;21;52;30076754
19;0;12;36;30081023
80;0;0;5;30100616
33;0;25;6;30101061
0;0;25;5;30099429
22;0;83;9;30098311
60;0;17;10;30099199
11;14;50;18;30099929
40;11;37;30;30077934
14;79;84;22;30087456
62;11;22;68;30077206
43;23;45;35;30066888
15;26;48;26;30088896
32;12;50;44;30082337
32;18;41;25;30088164
15;10;45;33;30082266
23;20;70;13;30088578
55;10;39;31;30084266
48;36;45;25;30088020
27;55;65;26;30072756
17;12;12;12;30066643
50;11;33;10;30093377
17;80;100;6;30098753
18;0;0;11;30093447
26;12;38;23;30077965
0;29;57;16;30077337
27;27;55;15;30088614
22;10;35;23;30089567
38;0;60;13;30092470
56;25;42;16;30076901
47;0;12;19;30093202
8;0;36;25;30078612
15;0;5;20;30081144
0;44;89;11;30078916
21;10;26;33;30082739
38;5;33;24;30087902
53;0;20;32;30085507
57;8;42;28;30066260
28;0;12;29;30092555
33;27;53;18;30087938
28;15;38;29;30089489
28;12;41;36;30088366
29;15;38;51;30082643
16;25;46;32;30080318
23;12;35;61;30083363
28;14;45;47;30082146
17;19;41;36;30077141
37;2;30;46;30090113
27;20;45;22;30093391
31;12;45;35;30086153
5;6;53;20;30093562
27;29;36;15;30092486
14;22;37;28;30087807
22;22;49;68;30074148
23;5;28;110;30067498
15;14;38;53;30082099
18;10;40;56;30084903
16;13;60;19;30090121
7;18;58;60;30078111
14;26;51;42;30085951
15;30;65;26;30088522
15;19;50;26;30087386
0;57;71;23;30083808
15;21;36;59;30066254
31;8;27;67;30084579
20;9;33;120;30053238
32;38;71;47;30068212
24;19;45;98;30066981
18;40;72;28;30087899
29;24;48;45;30083279
11;18;62;37;30089137
3;12;40;118;30036944
28;20;43;90;30052183
14;18;50;109;30036241
23;4;21;171;30021644
24;26;52;74;30054401
53;29;49;47;30077159
20;8;42;15;30086209
0;0;0;4;30097581
14;0;0;7;30097419
100;0;0;6;30097909
12;0;33;8;30100680
75;0;0;4;30096848
25;0;0;4;30096829
33;0;0;6;30099868
14;50;75;7;30098137
12;25;50;8;30098408
33;0;22;12;30097531
40;0;0;10;30099870
17;50;75;6;30097160
45;0;0;11;30096830
17;25;75;6;30093441
0;0;0;3;30099432
0;0;0;3;30097804
0;100;100;8;30083669
50;0;0;4;30095811
20;0;33;10;30083924
13;4;33;55;30073618
10;21;49;40;30007433
23;12;35;61;30083363
16;18;29;31;30083324
17;9;29;104;30065540
31;0;40;13;30088730
11;17;33;9;30097806
33;25;38;12;30093409
88;0;0;8;30092712
56;0;0;18;30081991
25;14;29;8;30093191
50;0;27;18;30093319
25;0;0;16;30077713
33;0;12;9;30094731
10;22;44;10;30090311
25;8;25;16;30078468
60;0;17;10;30099199
72;3;14;40;30067893
16;7;47;19;30083535
0;29;57;16;30077337
60;33;33;10;30093694
21;0;46;14;30095680
26;7;42;46;30077838
7;17;38;28;30084449
26;11;37;39;30067627
37;15;42;30;30087892
27;11;33;30;30090542
2;6;19;50;30083040
21;3;20;70;30076505
34;5;31;59;30069051
28;4;35;50;30068130
47;15;15;15;30093791
20;8;31;30;30086140
36;11;33;22;30088858
28;18;35;18;30094732
38;4;15;29;30089388
3;0;32;31;30087913
9;5;40;23;30093019
10;28;44;21;30093412
33;12;25;9;30108071
4;24;48;26;30094072
33;17;28;18;30100915
0;0;0;2;30102072
43;33;44;37;30092381
7;13;40;30;30097192
4;11;29;45;30095571
20;0;11;20;30100719
0;0;100;1;30116958
55;0;17;22;30077432
4;9;36;23;30103242
30;6;22;33;30097830
21;9;30;33;30099520
30;11;47;20;30105460
75;0;25;4;30112963
0;50;100;2;30112709
50;0;0;2;30103983
62;3;18;39;30078549
24;18;35;17;30107301
25;7;46;28;30108041
9;5;11;45;30048047
7;13;47;15;30103235
11;13;38;45;30100005
30;9;48;23;30104909
14;29;57;7;30105264
25;21;59;36;30093455
0;0;0;3;30083374
7;27;69;27;30100079
8;27;64;12;30093830
7;16;37;57;30090225
0;22;45;51;30096053
59;11;21;22;132031
0;0;0;0;30109689
18;0;38;11;30088355
57;10;34;30;30070856
100;0;0;2;30087768
58;3;9;36;30088034
4;39;70;26;132591
49;13;28;81;127962
0;0;0;0;30044679
23;0;40;13;30088285
100;0;0;1;30082286
50;0;0;2;30059920
0;0;0;4;30044926
0;0;25;5;30099429
12;20;60;8;30099997
10;0;29;10;30097676
33;0;0;3;30097677
12;12;75;8;30099174
11;14;50;18;30099929
20;0;29;10;30098104
14;33;83;7;30097126
53;6;44;19;30092441
71;27;45;17;30087452
28;0;12;29;30092555
55;4;31;31;30084464
37;8;46;27;30089280
44;7;15;32;30081012
50;12;27;34;30022966
86;10;14;22;30077789
45;20;45;22;30088733
68;6;28;22;30070381
50;0;3;34;30083166
64;0;7;45;30064777
44;3;23;34;30088190
55;10;39;31;30084266
38;4;18;58;30052529
43;23;45;35;30066888
77;8;11;56;30034922
47;19;29;36;30083783
50;29;43;10;30089576
50;20;40;28;30088549
23;20;70;13;30088578
44;14;36;16;30092584
48;36;45;25;30088020
52;12;32;54;30080606
45;2;20;85;30077350
61;11;24;59;30021875
12;7;50;17;30083096
29;11;28;21;30089389
62;11;22;68;30077206
16;19;49;50;30067120
9;10;39;44;30082730
41;5;15;121;30055238
31;15;32;51;30077848
47;1;12;119;30076895
60;0;0;5;30051614
6;14;47;47;30083532
32;13;38;92;30036206
25;25;47;36;30077404
4;4;25;56;30088568
42;10;38;31;30086924
11;12;36;36;30082815
21;9;36;47;30082511
27;20;45;22;30093391
15;19;47;40;30083853
29;12;43;45;30083102
15;20;43;33;30088329
16;32;55;25;30084153
17;8;15;29;30088591
16;5;52;25;30087903
32;4;39;31;30083886
39;21;43;18;30093149
15;6;14;39;30083066
32;11;21;40;30068833
32;9;41;25;30094302
39;5;20;44;30083093
31;22;46;87;129123
36;18;35;56;30078099
11;17;50;109;30045361
50;20;40;38;30089408
11;35;70;47;30077465
23;4;21;171;30021644
24;19;45;98;30066981
17;14;40;84;30050994
42;20;43;73;30067050
10;6;36;102;30066904
29;24;48;45;30083279
24;19;46;55;30078603
29;14;27;66;30077078
14;15;38;43;30083048
14;19;58;37;30051057
22;33;57;45;30083840
11;24;59;44;30085619
17;29;57;30;30088906
19;14;48;62;30085621
14;15;43;65;30078963
29;0;30;14;30093761
53;25;33;15;30093397
50;14;29;10;30093385
38;0;0;16;30092921
18;25;50;11;30092617
38;0;33;16;30094044
21;0;38;14;30089249
10;0;33;10;30093387
24;7;29;17;30079032
33;0;25;6;30101061
60;0;0;5;30087565
43;27;64;47;30080676
28;19;49;82;30010273
27;11;33;30;30090542
25;3;16;71;30070360
2;6;19;50;30083040
31;8;44;39;30082773
13;21;64;15;30093927
4;7;16;46;30083851
13;1;8;78;30076746
17;13;53;18;30094734
28;0;12;29;30092555
52;11;37;23;30019839
40;17;58;15;30093635
75;17;30;28;30069065
60;0;13;47;30078193
67;12;29;18;30093370
8;14;24;24;30083778
50;11;37;20;30078605
50;17;40;38;30087330
39;18;58;41;30082827
24;19;45;98;30066981
25;42;71;51;30082785
38;44;59;72;30077208
28;24;51;74;30046900
27;18;44;93;30056543
32;24;44;28;30088611
21;14;45;43;30082471
53;29;49;47;30077159
0;8;31;29;30087327
28;18;35;18;30094732
7;10;39;45;30082029
7;12;52;28;30089533
15;46;54;13;30094141
42;31;44;19;30092687
33;6;28;21;30093533
36;11;33;22;30088858
9;9;30;47;30078249
33;17;48;27;30087791
40;14;50;15;30080544
14;50;75;7;30098137
0;18;41;20;30082784
14;27;91;14;30093624
40;7;37;30;30087773
50;9;73;14;30093148
61;24;29;23;30092669
38;33;42;13;30093814
60;24;47;20;30088095
38;23;69;16;30093210
54;14;48;24;30093709
37;8;46;27;30089280
27;22;43;49;30085461
10;25;56;145;30035829
24;24;61;42;30083360
28;26;51;105;30050485
10;22;67;10;30093380
40;33;56;10;30089487
36;0;14;25;30092915
23;17;33;13;30093273
41;32;47;22;30090015
17;24;67;24;30089145
21;15;30;24;30093065
33;9;45;12;30093369
37;14;37;38;30088706
31;22;43;26;30088164
21;7;20;62;30087991
50;20;40;28;30088549
62;20;29;37;30088431
48;36;45;25;30088020
2;17;43;61;30083366
15;27;59;54;30066241
11;21;48;45;30088352
14;19;58;37;30051057
18;10;40;56;30084903
10;35;62;40;30078562
19;14;48;62;30085621
9;17;41;33;30088340
30;27;60;20;30088982
17;19;41;36;30077141
33;28;39;21;30087729
29;12;43;45;30083102
28;30;52;29;30085374
20;29;79;15;30092270
31;25;25;13;30093394
24;27;59;25;30089742
18;26;58;22;30091002
28;14;45;47;30082146
12;53;93;17;30088025
43;23;35;53;30069364
51;20;32;47;30066553
41;5;11;114;30054603
49;5;18;136;30005068
37;11;34;59;30084251
45;2;20;86;30077350
33;16;49;48;30066634
52;18;41;42;30088005
19;1;24;83;30070563
28;16;28;67;30077078
23;5;28;110;30067498
4;7;27;155;30009727
5;14;40;74;30053263
8;10;23;119;30007138
20;18;42;41;30084675
12;7;39;75;30078939
35;3;12;34;30082181
38;5;38;24;30087992
45;10;38;31;30068327
51;2;7;59;30039670
71;26;39;28;30082854
0;50;90;12;30078916
62;15;30;21;30093655
53;6;24;34;30078220
25;0;0;4;30097969
69;0;12;13;30088316
31;0;10;13;30092197
64;0;0;11;30098980
11;20;40;9;30092684
79;7;13;19;30078448
0;50;50;4;30092104
43;0;17;7;30090285
25;43;43;8;30092706
25;40;60;8;30076897
33;0;18;21;30087845
69;0;4;26;30087207
17;0;19;18;30085469
42;16;36;60;30082833
22;20;43;86;30051037
19;16;59;67;30067119
31;7;26;95;30074185
42;16;33;96;30033821
39;35;51;41;30077597
14;19;58;29;30089064
8;22;54;74;30066780
31;20;44;88;30020734
14;12;46;88;30021842
53;27;33;15;30093035
23;19;48;31;30088681
23;3;19;71;30076505
12;16;45;34;30088753
8;17;50;12;30093930
28;35;59;18;30094484
15;1;7;109;30021858
26;0;21;23;30080642
18;0;8;40;30085197
8;20;40;13;30093717
0;14;29;17;30088670
64;0;25;11;30092692
0;0;0;5;30095682
0;0;0;4;30098666
17;0;33;6;30097215
0;50;50;2;30100938
17;0;0;6;30099001
0;0;0;1;30098564
100;0;0;2;30099977
67;0;0;3;30097252
0;0;0;4;30099956
33;0;0;9;30089535
50;0;0;2;30097469
25;0;100;4;30094064
0;0;0;2;30105064
0;0;0;1;30093131
0;0;0;3;30101126
67;0;0;3;30092710
12;20;41;78;30009726
0;0;0;2;30097472
16;14;28;38;30068574
10;12;39;59;30099752
10;17;37;77;30086276
62;8;33;13;30095435
12;0;12;8;30108604
55;11;33;11;30089345
29;38;54;14;30107263
20;40;40;5;30114759
14;7;36;14;30107649
29;5;10;21;30089898
25;25;25;4;30107367
10;0;22;10;30099176
13;7;60;15;30112343
0;0;33;3;30057576
48;0;18;21;30021327
0;0;0;0;30085457
26;0;4;27;30107849
12;8;16;25;30100426
17;17;50;12;30111608
22;0;12;32;30105712
29;33;67;7;30112684
11;4;39;28;30100003
100;0;0;1;30115210
20;40;58;69;30094112
11;21;48;56;30095988
13;25;52;122;30067399
0;53;79;19;30103938
26;27;52;34;30090540
16;12;52;25;30100696
0;29;57;7;30111846
32;22;41;34;30072057
12;25;50;8;30109455
16;27;59;37;30099225
